     0/199     4.21G   0.05114  0.007769         0   0.05891         1       640    0.1324     0.312    0.1027   0.06523    0.0562   0.01245         0
     1/199     4.46G   0.04096  0.006749         0   0.04771         3       640     0.197     0.258    0.1293    0.0763   0.06186   0.01205         0
     2/199     4.46G   0.04597  0.006449         0   0.05242         6       640   0.08628    0.1533   0.04528   0.02091   0.07868   0.01085         0
     3/199     4.46G   0.04604  0.006487         0   0.05252         0       640    0.2292    0.1947    0.1135   0.06253   0.06614    0.0117         0
     4/199     4.46G    0.0429  0.006547         0   0.04945         3       640    0.2807    0.2327    0.1609   0.09479   0.05975   0.01192         0
     5/199     4.46G   0.04046  0.006514         0   0.04697         4       640    0.3357    0.2713    0.2069    0.1252   0.05864   0.01166         0
     6/199     4.46G   0.03881  0.006386         0    0.0452         2       640    0.3093    0.3413    0.2327    0.1362   0.05843   0.01107         0
     7/199     4.46G   0.03727  0.006266         0   0.04354         1       640    0.3876    0.3131    0.2753    0.1727   0.05669   0.01079         0
     8/199     4.46G    0.0365  0.006168         0   0.04266         3       640     0.407     0.382    0.3141    0.2012   0.05261   0.01074         0
     9/199     4.46G   0.03503  0.006033         0   0.04106         1       640    0.4837    0.3933    0.3745    0.2473   0.04899   0.01094         0
    10/199     4.46G   0.03407  0.005948         0   0.04002         2       640    0.4355     0.426    0.3693    0.2385    0.0499   0.01057         0
    11/199     4.46G   0.03353  0.005906         0   0.03944         5       640    0.4783    0.4453    0.4103    0.2697   0.04708   0.01053         0
    12/199     4.46G     0.033  0.005894         0   0.03889         5       640    0.5482    0.4493    0.4503    0.3008   0.04814   0.01026         0
    13/199     4.46G   0.03231  0.005714         0   0.03802         4       640    0.5412    0.4742    0.4687    0.3199   0.04627   0.01027         0
    14/199     4.46G   0.03255  0.005722         0   0.03828         4       640    0.6083    0.4507    0.4765    0.3254   0.04615   0.01018         0
    15/199     4.46G   0.03176  0.005665         0   0.03743         4       640     0.587    0.4946    0.5112    0.3515   0.04369  0.009999         0
    16/199     4.46G   0.03149  0.005632         0   0.03713         5       640    0.5787     0.494    0.5071    0.3476   0.04407    0.0102         0
    17/199     4.46G   0.03125  0.005602         0   0.03685         5       640    0.6252    0.5359    0.5518    0.3769   0.04265  0.009928         0
    18/199     4.46G   0.03045  0.005446         0    0.0359         1       640    0.6147    0.5267    0.5447    0.3725   0.04267  0.009866         0
    19/199     4.46G   0.03022  0.005352         0   0.03557         4       640    0.6635    0.5324     0.584    0.4121    0.0423  0.009571         0
    20/199     4.46G   0.03014  0.005374         0   0.03552         6       640    0.6331     0.564    0.5818    0.4142   0.04115  0.009703         0
    21/199     4.46G   0.02979  0.005306         0    0.0351         3       640    0.7123    0.5307    0.6036    0.4323   0.04089  0.009672         0
    22/199     4.46G   0.02968  0.005251         0   0.03493         4       640    0.7332    0.5267    0.6184    0.4381    0.0409  0.009605         0
    23/199     4.46G   0.02929  0.005237         0   0.03452         1       640     0.735    0.5707    0.6383    0.4593   0.03982  0.009398         0
    24/199     4.46G    0.0292  0.005169         0   0.03437         5       640    0.7395    0.5697    0.6515    0.4655   0.03888  0.009449         0
    25/199     4.46G   0.02856  0.005048         0    0.0336         9       640    0.7084    0.6105    0.6639    0.4763   0.03737  0.009414         0
    26/199     4.46G   0.02823  0.005056         0   0.03329         2       640    0.7154    0.6107    0.6627    0.4774   0.03782  0.009468         0
    27/199     4.46G    0.0283  0.005001         0    0.0333         4       640    0.7962    0.5732    0.6736    0.4839   0.03791  0.009472         0
    28/199     4.46G   0.02853   0.00505         0   0.03358         6       640    0.7919    0.6062      0.69    0.4987   0.03623  0.009352         0
    29/199     4.46G   0.02821  0.004908         0   0.03311         5       640    0.7389    0.6287    0.6898    0.4996    0.0365  0.009378         0
    30/199     4.46G   0.02826  0.004838         0    0.0331         4       640     0.794    0.6233    0.7062    0.5181   0.03516  0.009354         0
    31/199     4.46G   0.02821  0.004972         0   0.03318         4       640    0.7646    0.6307    0.6923    0.5121   0.03769  0.009162         0
    32/199     4.46G   0.02764  0.004895         0   0.03254         3       640    0.7627    0.6557    0.7221    0.5314   0.03537   0.00917         0
    33/199     4.46G   0.02745  0.004857         0   0.03231         2       640    0.8515    0.6047    0.7175    0.5312   0.03492  0.009158         0
    34/199     4.46G   0.02749  0.004811         0   0.03231         3       640    0.8415    0.6207    0.7271    0.5404   0.03484  0.009166         0
    35/199     4.46G   0.02714  0.004756         0    0.0319         4       640    0.7987    0.6453    0.7169    0.5369   0.03477  0.009128         0
    36/199     4.46G   0.02723  0.004747         0   0.03198         6       640    0.7824      0.65     0.726    0.5417   0.03425   0.00915         0
    37/199     4.46G   0.02747  0.004752         0   0.03222         5       640    0.7952    0.6473    0.7273    0.5406   0.03459  0.009069         0
    38/199     4.46G   0.02726  0.004741         0     0.032         2       640    0.8113    0.6567    0.7425    0.5552   0.03354  0.009099         0
    39/199     4.46G   0.02711  0.004733         0   0.03184         7       640    0.7864    0.6751    0.7405    0.5523   0.03419  0.009115         0
    40/199     4.46G   0.02709  0.004757         0   0.03184         3       640    0.8433    0.6567    0.7485    0.5583   0.03407  0.009072         0
    41/199     4.46G   0.02682  0.004705         0   0.03152         3       640    0.7935    0.6864    0.7504    0.5639   0.03374  0.009116         0
    42/199     4.46G   0.02652  0.004655         0   0.03118         4       640    0.7627    0.7114    0.7509    0.5681   0.03287   0.00904         0
    43/199     4.46G   0.02669  0.004589         0   0.03128         2       640    0.8524    0.6607     0.761    0.5768   0.03235  0.009111         0
    44/199     4.46G   0.02636   0.00458         0   0.03094         1       640    0.8193    0.7072    0.7655    0.5834   0.03241  0.008984         0
    45/199     4.46G   0.02605  0.004537         0   0.03059         5       640    0.8513    0.6807    0.7696     0.583   0.03195  0.009036         0
    46/199     4.46G   0.02653  0.004528         0   0.03106         2       640    0.8392    0.6933    0.7716     0.587   0.03161  0.009147         0
    47/199     4.46G    0.0261  0.004487         0   0.03059         3       640    0.8493       0.7    0.7792    0.5959   0.03154  0.009016         0
    48/199     4.46G   0.02585  0.004419         0   0.03027         2       640    0.8468    0.7039    0.7825    0.5973   0.03067  0.009095         0
    49/199     4.46G   0.02567  0.004451         0   0.03012         3       640    0.8341    0.7293    0.7905    0.6017   0.03056  0.009003         0
    50/199     4.46G   0.02552  0.004384         0    0.0299         2       640    0.8501    0.7185    0.7921    0.6066   0.03029  0.009014         0
    51/199     4.46G    0.0255  0.004414         0   0.02991         4       640    0.8591    0.7167    0.7923     0.611   0.02997    0.0091         0
    52/199     4.46G   0.02566  0.004414         0   0.03007         3       640    0.8625    0.7093    0.7947    0.6146   0.02981  0.009153         0
    53/199     4.46G   0.02535   0.00441         0   0.02976         3       640    0.8388    0.7353    0.7971    0.6157   0.02989  0.009108         0
    54/199     4.46G   0.02527  0.004376         0   0.02965         2       640    0.8348     0.728    0.7982    0.6179   0.02958  0.009108         0
    55/199     4.46G   0.02562  0.004367         0   0.02999         2       640      0.87    0.7147    0.8011    0.6227    0.0294  0.009134         0
    56/199     4.46G    0.0255  0.004344         0   0.02985         1       640    0.8414    0.7393    0.8014    0.6245   0.02926  0.009116         0
    57/199     4.46G   0.02525  0.004271         0   0.02952         3       640    0.8418    0.7453    0.8042    0.6235   0.02924   0.00912         0
    58/199     4.46G   0.02486  0.004233         0    0.0291         5       640    0.8826    0.7166    0.8059    0.6226   0.02908   0.00914         0
    59/199     4.46G   0.02488  0.004197         0   0.02907         4       640    0.8443     0.746    0.8062    0.6239   0.02894  0.009148         0
    60/199     4.46G   0.02527  0.004341         0   0.02962         2       640    0.8269    0.7612    0.8081    0.6272   0.02873  0.009134         0
    61/199     4.46G   0.02489  0.004186         0   0.02907         3       640    0.8186    0.7673    0.8087    0.6291   0.02852  0.009155         0
    62/199     4.46G   0.02514  0.004402         0   0.02955         1       640     0.867    0.7299    0.8094    0.6295   0.02842   0.00916         0
    63/199     4.46G   0.02541  0.004294         0   0.02971         5       640    0.8553    0.7407    0.8087    0.6269    0.0286  0.009159         0
    64/199     4.46G   0.02467  0.004163         0   0.02883         4       640    0.8644    0.7407    0.8102    0.6274   0.02867  0.009139         0
    65/199     4.46G   0.02455  0.004129         0   0.02868         4       640    0.8629    0.7467    0.8116    0.6303   0.02862  0.009146         0
    66/199     4.46G   0.02444  0.004107         0   0.02855         4       640    0.8617    0.7519     0.813    0.6327   0.02855  0.009149         0
    67/199     4.46G   0.02412  0.004095         0   0.02821         3       640    0.8791    0.7418    0.8135    0.6332   0.02849  0.009153         0
    68/199     4.46G   0.02416  0.004079         0   0.02823         8       640    0.8785     0.744    0.8149    0.6347   0.02837  0.009162         0
    69/199     4.46G   0.02413  0.004135         0   0.02827         2       640    0.8691    0.7493    0.8155     0.636    0.0283  0.009166         0
    70/199     4.46G   0.02431  0.004137         0   0.02845         6       640    0.8759    0.7479    0.8162    0.6373   0.02817  0.009174         0
    71/199     4.46G   0.02389   0.00409         0   0.02798         1       640     0.886     0.738    0.8181    0.6381   0.02802   0.00918         0
    72/199     4.46G   0.02412  0.004082         0    0.0282         3       640      0.88    0.7432    0.8188    0.6394   0.02791   0.00919         0
    73/199     4.46G   0.02419  0.004065         0   0.02825         5       640    0.8403    0.7767    0.8198    0.6416   0.02782  0.009196         0
    74/199     4.46G   0.02399  0.004062         0   0.02805         4       640    0.8472    0.7707     0.821    0.6412   0.02773  0.009204         0
    75/199     4.46G   0.02384  0.004014         0   0.02786         3       640     0.862     0.762    0.8222    0.6433   0.02765  0.009204         0
    76/199     4.46G   0.02353  0.004012         0   0.02754         0       640    0.8509    0.7727     0.823    0.6437    0.0276  0.009213         0
    77/199     4.46G   0.02359  0.003926         0   0.02752         2       640    0.8549      0.77    0.8242    0.6456   0.02759  0.009209         0
    78/199     4.46G   0.02331  0.003963         0   0.02727         5       640     0.862    0.7667    0.8251    0.6473    0.0275  0.009212         0
    79/199     4.46G   0.02354  0.003911         0   0.02745         1       640    0.8718    0.7587    0.8258     0.648   0.02744  0.009221         0
    80/199     4.46G   0.02337   0.00399         0   0.02736         3       640    0.8539    0.7753    0.8264    0.6487    0.0274  0.009221         0
    81/199     4.46G   0.02442  0.004166         0   0.02859         2       640    0.8814    0.7547    0.8266    0.6498   0.02737  0.009226         0
    82/199     4.46G   0.02385  0.004123         0   0.02798         2       640    0.8804    0.7559    0.8266     0.651    0.0273  0.009237         0
    83/199     4.46G   0.02335  0.003895         0   0.02725         3       640    0.8713    0.7626     0.827    0.6511   0.02724  0.009247         0
    84/199     4.46G   0.02303  0.003925         0   0.02695         4       640    0.8743    0.7627    0.8273    0.6524   0.02717  0.009262         0
    85/199     4.46G   0.02291  0.003893         0    0.0268         2       640    0.8733    0.7633     0.828    0.6529   0.02714  0.009268         0
    86/199     4.46G    0.0228  0.003877         0   0.02668         3       640    0.8839     0.758    0.8287    0.6531   0.02711  0.009278         0
    87/199     4.46G   0.02291  0.003916         0   0.02682         3       640    0.8672    0.7713    0.8299    0.6535   0.02707   0.00928         0
    88/199     4.46G   0.02288  0.003855         0   0.02673         4       640    0.8687    0.7727    0.8303    0.6543   0.02702  0.009283         0
    89/199     4.46G   0.02262  0.003825         0   0.02645         3       640    0.8905    0.7593    0.8309     0.655   0.02699  0.009287         0
    90/199     4.46G   0.02298  0.003834         0   0.02682         0       640    0.8899      0.76    0.8311    0.6553   0.02699  0.009286         0
    91/199     4.46G   0.02284  0.003759         0    0.0266         5       640    0.8899    0.7607    0.8321    0.6567   0.02698  0.009289         0
    92/199     4.46G   0.02251  0.003742         0   0.02625         2       640    0.8763     0.772    0.8326    0.6572   0.02696  0.009294         0
    93/199     4.46G   0.02259  0.003864         0   0.02645         1       640    0.8838    0.7667    0.8333    0.6583   0.02692  0.009298         0
    94/199     4.46G   0.02254  0.003869         0    0.0264         1       640    0.8948      0.76    0.8336    0.6586    0.0269  0.009305         0
    95/199     4.46G   0.02258  0.003794         0   0.02637         3       640    0.8762    0.7747     0.834    0.6593   0.02688  0.009317         0
    96/199     4.46G   0.02269  0.003824         0   0.02652         4       640    0.8746    0.7765    0.8345    0.6599   0.02685  0.009322         0
    97/199     4.46G   0.02216  0.003708         0   0.02587         5       640    0.8768    0.7747    0.8351    0.6601   0.02684  0.009327         0
    98/199     4.46G    0.0223  0.003811         0   0.02611         1       640    0.9024    0.7577    0.8353    0.6604   0.02682  0.009329         0
    99/199     4.46G   0.02186  0.003664         0   0.02552         1       640     0.903     0.758    0.8357    0.6609   0.02682  0.009336         0
   100/199     4.46G   0.02191   0.00373         0   0.02564         2       640    0.9011    0.7593    0.8359    0.6616   0.02679  0.009346         0
   101/199     4.46G   0.02184  0.003713         0   0.02556         3       640    0.8724      0.78    0.8369    0.6616   0.02676  0.009354         0
   102/199     4.46G   0.02161  0.003657         0   0.02526         4       640    0.8713     0.782    0.8374    0.6628   0.02672  0.009364         0
   103/199     4.46G   0.02152  0.003612         0   0.02514         6       640    0.8991    0.7607    0.8379     0.663   0.02667  0.009373         0
   104/199     4.46G   0.02157  0.003593         0   0.02516         4       640    0.8703    0.7827    0.8381    0.6637   0.02662  0.009382         0
   105/199     4.46G   0.02142  0.003596         0   0.02501         0       640    0.8872    0.7706    0.8382    0.6646   0.02659  0.009394         0
   106/199     4.46G   0.02145  0.003633         0   0.02508         4       640    0.8827    0.7753    0.8386     0.665   0.02656  0.009403         0
   107/199     4.46G   0.02131  0.003525         0   0.02484         3       640    0.9074    0.7577    0.8391    0.6652   0.02655  0.009412         0
   108/199     4.46G   0.02122  0.003543         0   0.02477         2       640    0.9046    0.7593    0.8392     0.666   0.02653  0.009421         0
   109/199     4.46G    0.0214  0.003537         0   0.02493         2       640    0.8736    0.7833    0.8394    0.6658   0.02651  0.009431         0
   110/199     4.46G    0.0213  0.003585         0   0.02488         2       640    0.9033    0.7607    0.8398    0.6667   0.02647  0.009442         0
